[a, b] = [0, 2]
h = 0.01 
 
  n            x1            v1            x2            v2
  1      1.200000      0.000000      0.000000     -0.800000
  2      1.199933     -0.013446     -0.008000     -0.799832
  3      1.199731     -0.026880     -0.015997     -0.799329
  4      1.199395     -0.040288     -0.023987     -0.798491
  5      1.198925     -0.053658     -0.031966     -0.797322
  6      1.198322     -0.066977     -0.039933     -0.795824
  7      1.197586     -0.080234     -0.047883     -0.794002
  8      1.196717     -0.093419     -0.055813     -0.791861
  9      1.195717     -0.106519     -0.063720     -0.789407
 10      1.194587     -0.119526     -0.071601     -0.786645
 11      1.193327     -0.132430     -0.079453     -0.783582
 12      1.191938     -0.145223     -0.087273     -0.780226
 13      1.190422     -0.157898     -0.095058     -0.776583
 14      1.188780     -0.170447     -0.102804     -0.772662
 15      1.187013     -0.182865     -0.110511     -0.768470
 16      1.185123     -0.195146     -0.118174     -0.764015
 17      1.183111     -0.207286     -0.125791     -0.759304
 18      1.180977     -0.219282     -0.133360     -0.754346
 19      1.178725     -0.231129     -0.140878     -0.749148
 20      1.176355     -0.242825     -0.148343     -0.743717
 21      1.173868     -0.254368     -0.155752     -0.738060
 22      1.171267     -0.265756     -0.163104     -0.732184
 23      1.168553     -0.276988     -0.170396     -0.726095
 24      1.165728     -0.288064     -0.177626     -0.719801
 25      1.162792     -0.298982     -0.184792     -0.713305
 26      1.159748     -0.309742     -0.191892     -0.706615
 27      1.156597     -0.320345     -0.198924     -0.699735
 28      1.153341     -0.330790     -0.205887     -0.692670
 29      1.149981     -0.341077     -0.212778     -0.685426
 30      1.146520     -0.351208     -0.219595     -0.678005
 31      1.142957     -0.361183     -0.226338     -0.670413
 32      1.139296     -0.371001     -0.233004     -0.662652
 33      1.135537     -0.380665     -0.239591     -0.654728
 34      1.131683     -0.390174     -0.246098     -0.646642
 35      1.127734     -0.399530     -0.252524     -0.638397
 36      1.123692     -0.408732     -0.258866     -0.629998
 37      1.119559     -0.417783     -0.265124     -0.621446
 38      1.115336     -0.426681     -0.271295     -0.612744
 39      1.111025     -0.435429     -0.277379     -0.603894
 40      1.106628     -0.444026     -0.283373     -0.594898
 41      1.102145     -0.452474     -0.289277     -0.585759
 42      1.097578     -0.460773     -0.295088     -0.576478
 43      1.092930     -0.468923     -0.300806     -0.567056
 44      1.088200     -0.476924     -0.306429     -0.557497
 45      1.083391     -0.484778     -0.311956     -0.547800
 46      1.078504     -0.492485     -0.317385     -0.537968
 47      1.073541     -0.500045     -0.322715     -0.528002
 48      1.068503     -0.507458     -0.327945     -0.517903
 49      1.063392     -0.514725     -0.333074     -0.507672
 50      1.058209     -0.521846     -0.338099     -0.497311
 51      1.052955     -0.528821     -0.343020     -0.486821
 52      1.047633     -0.535651     -0.347835     -0.476202
 53      1.042242     -0.542335     -0.352544     -0.465456
 54      1.036786     -0.548873     -0.357144     -0.454583
 55      1.031265     -0.555267     -0.361635     -0.443585
 56      1.025680     -0.561515     -0.366016     -0.432462
 57      1.020034     -0.567618     -0.370285     -0.421214
 58      1.014328     -0.573577     -0.374440     -0.409844
 59      1.008563     -0.579390     -0.378482     -0.398350
 60      1.002740     -0.585059     -0.382407     -0.386735
 61      0.996862     -0.590583     -0.386216     -0.374998
 62      0.990929     -0.595962     -0.389907     -0.363140
 63      0.984943     -0.601197     -0.393479     -0.351162
 64      0.978905     -0.606287     -0.396931     -0.339064
 65      0.972817     -0.611232     -0.400260     -0.326847
 66      0.966680     -0.616034     -0.403467     -0.314511
 67      0.960496     -0.620691     -0.406551     -0.302056
 68      0.954266     -0.625203     -0.409509     -0.289483
 69      0.947992     -0.629572     -0.412340     -0.276792
 70      0.941675     -0.633797     -0.415044     -0.263983
 71      0.935316     -0.637879     -0.417620     -0.251057
 72      0.928917     -0.641817     -0.420066     -0.238013
 73      0.922480     -0.645612     -0.422380     -0.224853
 74      0.916005     -0.649265     -0.424563     -0.211574
 75      0.909494     -0.652775     -0.426612     -0.198179
 76      0.902950     -0.656143     -0.428526     -0.184667
 77      0.896372     -0.659369     -0.430305     -0.171037
 78      0.889762     -0.662455     -0.431947     -0.157290
 79      0.883122     -0.665400     -0.433451     -0.143425
 80      0.876454     -0.668206     -0.434815     -0.129442
 81      0.869758     -0.670873     -0.436040     -0.115341
 82      0.863037     -0.673401     -0.437122     -0.101122
 83      0.856290     -0.675792     -0.438062     -0.086783
 84      0.849521     -0.678047     -0.438858     -0.072324
 85      0.842729     -0.680166     -0.439509     -0.057745
 86      0.835917     -0.682152     -0.440013     -0.043045
 87      0.829086     -0.684004     -0.440370     -0.028223
 88      0.822237     -0.685726     -0.440577     -0.013277
 89      0.815372     -0.687317     -0.440635      0.001792
 90      0.808491     -0.688780     -0.440541      0.016986
 91      0.801596     -0.690116     -0.440295      0.032306
 92      0.794689     -0.691328     -0.439895      0.047754
 93      0.787770     -0.692417     -0.439340      0.063331
 94      0.780840     -0.693386     -0.438629      0.079039
 95      0.773902     -0.694238     -0.437759      0.094879
 96      0.766956     -0.694974     -0.436731      0.110854
 97      0.760003     -0.695597     -0.435542      0.126965
 98      0.753044     -0.696112     -0.434192      0.143214
 99      0.746080     -0.696520     -0.432678      0.159604
100      0.739113     -0.696826     -0.431000      0.176138
101      0.732144     -0.697033     -0.429155      0.192818
102      0.725173     -0.697146     -0.427143      0.209647
103      0.718201     -0.697168     -0.424962      0.226628
104      0.711229     -0.697105     -0.422611      0.243765
105      0.704259     -0.696962     -0.420087      0.261060
106      0.697290     -0.696745     -0.417390      0.278518
107      0.690324     -0.696459     -0.414517      0.296143
108      0.683361     -0.696110     -0.411467      0.313939
109      0.676402     -0.695706     -0.408238      0.331910
110      0.669447     -0.695255     -0.404829      0.350062
111      0.662497     -0.694763     -0.401237      0.368399
112      0.655551     -0.694240     -0.397461      0.386927
113      0.648612     -0.693696     -0.393498      0.405652
114      0.641678     -0.693140     -0.389348      0.424579
115      0.634749     -0.692584     -0.385007      0.443716
116      0.627826     -0.692038     -0.380473      0.463068
117      0.620908     -0.691517     -0.375745      0.482644
118      0.613996     -0.691033     -0.370820      0.502450
119      0.607087     -0.690602     -0.365696      0.522495
120      0.600183     -0.690241     -0.360370      0.542787
121      0.593283     -0.689966     -0.354841      0.563335
122      0.586384     -0.689797     -0.349104      0.584149
123      0.579487     -0.689756     -0.343158      0.605237
124      0.572589     -0.689863     -0.336999      0.626611
125      0.565689     -0.690146     -0.330625      0.648280
126      0.558786     -0.690630     -0.324033      0.670257
127      0.551877     -0.691345     -0.317220      0.692553
128      0.544959     -0.692323     -0.310182      0.715179
129      0.538030     -0.693599     -0.302917      0.738148
130      0.531087     -0.695213     -0.295419      0.761473
131      0.524126     -0.697207     -0.287687      0.785168
132      0.517143     -0.699627     -0.279716      0.809244
133      0.510134     -0.702525     -0.271502      0.833716
134      0.503093     -0.705957     -0.263042      0.858597
135      0.496014     -0.709986     -0.254330      0.883901
136      0.488893     -0.714681     -0.245364      0.909639
137      0.481721     -0.720117     -0.236137      0.935824
138      0.474490     -0.726380     -0.226647      0.962466
139      0.467193     -0.733564     -0.216888      0.989575
140      0.459819     -0.741771     -0.206856      1.017157
141      0.452358     -0.751119     -0.196545      1.045216
142      0.444797     -0.761736     -0.185951      1.073752
143      0.437123     -0.773767     -0.175070      1.102759
144      0.429321     -0.787372     -0.163896      1.132225
145      0.421375     -0.802732     -0.152425      1.162127
146      0.413266     -0.820046     -0.140653      1.192433
147      0.404974     -0.839540     -0.128576      1.223094
148      0.396475     -0.861466     -0.116191      1.254043
149      0.387745     -0.886105     -0.103495      1.285190
150      0.378753     -0.913770     -0.090487      1.316413
151      0.369469     -0.944811     -0.077167      1.347550
152      0.359857     -0.979617     -0.063536      1.378392
153      0.349876     -1.018614     -0.049599      1.408665
154      0.339484     -1.062271     -0.035363      1.438019
155      0.328630     -1.111093     -0.020839      1.466003
156      0.317261     -1.165618     -0.006043      1.492044
157      0.305317     -1.226399      0.009002      1.515417
158      0.292732     -1.293988      0.024266      1.535209
159      0.279436     -1.368893      0.039707      1.550288
160      0.265353     -1.451527      0.055272      1.559261
161      0.250404     -1.542122      0.070892      1.560448
162      0.234508     -1.640621      0.086480      1.551866
163      0.217588     -1.746527      0.101928      1.531257
164      0.199574     -1.858727      0.117104      1.496164
165      0.180410     -1.975306      0.131849      1.444106
166      0.160064     -2.093393      0.145983      1.372861
167      0.138537     -2.209103      0.159302      1.280870
168      0.115877     -2.317667      0.171595      1.167710
169      0.092179     -2.413818      0.182650      1.034554
170      0.067596     -2.492432      0.192277      0.884427
171      0.042327     -2.549307      0.200328      0.722129
172      0.016607     -2.581886      0.206709      0.553738
173     -0.009312     -2.589659      0.211393      0.385786
174     -0.035185     -2.574132      0.214415      0.224360
175     -0.060792     -2.538387      0.215871      0.074368
176     -0.085950     -2.486426      0.215894     -0.060844
177     -0.110518     -2.422503      0.214647     -0.179511
178     -0.134397     -2.350615      0.212299     -0.281220
179     -0.157527     -2.274191      0.209019     -0.366550
180     -0.179878     -2.195976      0.204965     -0.436710
181     -0.201444     -2.118038      0.200282     -0.493240
182     -0.222237     -2.041848      0.195098     -0.537791
183     -0.242279     -1.968392      0.189525     -0.571978
184     -0.261603     -1.898280      0.183658     -0.597302
185     -0.280244     -1.831844      0.177578     -0.615108
186     -0.298239     -1.769216      0.171355     -0.626576
187     -0.315627     -1.710389      0.165046     -0.632721
188     -0.332446     -1.655266      0.158700     -0.634410
189     -0.348732     -1.603692      0.152358     -0.632376
190     -0.364519     -1.555478      0.146053     -0.627239
191     -0.379841     -1.510416      0.139813     -0.619519
192     -0.394727     -1.468295      0.133662     -0.609652
193     -0.409206     -1.428904      0.127620     -0.598003
194     -0.423305     -1.392039      0.121702     -0.584881
195     -0.437047     -1.357507      0.115922     -0.570542
196     -0.450455     -1.325125      0.110291     -0.555204
197     -0.463549     -1.294721      0.104818     -0.539047
198     -0.476349     -1.266138      0.099510     -0.522227
199     -0.488872     -1.239228      0.094374     -0.504871
200     -0.501133     -1.213856      0.089413     -0.487089
201     -0.513149     -1.189898      0.084632     -0.468974

 
